1,1,4764,1551459381070,1551502940580
1,2,4764,1551507022980,1551512904710
1,3,4764,1551513613350,1551539966570
1,4,4764,1551543207400,1551549738040
1,5,4764,1551557866250,1551575242030
1,6,4764,1551577918450,1551628336460
1,7,4764,1551631577720,1551651681540
1,8,4764,1551652136080,1551657039760
1,9,1406,1551659317290,1551661897090
1,10,1406,1551661967040,1551668490360
1,11,2469,1551671953570,1551674721230
1,12,1406,1551675060580,1551689668130
1,13,4764,1551693856500,1551697515830
1,14,1406,1551707002440,1551709126860
1,15,4764,1551719292130,1551721646300
1,16,1406,1551722633070,1551727919840
1,17,4764,1551728128780,1551733435910
1,18,1406,1551733534290,1551736512110
1,19,4808,1551740331410,1551743700440
1,20,1406,1551747030090,1551755481330
1,21,1406,1551756766360,1551776505520
1,22,4764,1551781054570,1551797516200
1,23,1406,1551810161450,1551821919410
1,24,4764,1551822213210,1551830115590
1,25,1406,1551833229790,1551837912250
1,26,1406,1551838340780,1551842903050
1,27,4359,1551843418570,1551847624920
1,28,1406,1551848629710,1551853362820
1,29,1406,1551853374890,1551859627360
1,30,1406,1551859929640,1551862730090
1,31,4764,1551867088050,1551870701440
1,32,4764,1551872437080,1551878118910
1,33,4764,1551880868160,1551884421320
1,34,1406,1551885785970,1551889346020
1,35,4764,1551897864290,1551901105240
1,36,4764,1551914278310,1551916661530
1,37,1406,1551919549630,1551929106650
1,38,1406,1551933541730,1551949281480
1,39,4764,1551953032150,1551968732060
1,40,4764,1551975784470,1551979025290
1,41,1406,1551980395510,1551985431530
1,42,4764,1551985761350,1551995174470
1,43,4764,1551999752710,1552002496330
1,44,1406,1552005076570,1552014687160
1,45,1406,1552018138000,1552035550790
1,46,4764,1552041669070,1552048164280
1,47,1406,1552065916380,1552079544360
1,48,1406,1552079549360,1552079544360
1,49,1406,1552079554360,1552079574360
